x <- 1
xxxx
1+ 1 